1 1
1 2
1 4
1 8
1 16
1 32
1 64
1 128
1 256
1 512
1 1024
1 2048
2 1
2 2
2 4
2 8
2 16
2 32
2 64
2 128
2 256
2 512
2 1024
2 2048
4 1
4 2
4 4
4 8
4 16
4 32
4 64
4 128
4 256
4 512
4 1024
4 2048
8 1
8 2
8 4
8 8
8 16
8 32
8 64
8 128
8 256
8 512
8 1024
8 2048
16 1
16 2
16 4
16 8
16 16
16 32
16 64
16 128
16 256
16 512
16 1024
16 2048
32 1
32 2
32 4
32 8
32 16
32 32
32 64
32 128
32 256
32 512
32 1024
32 2048
64 1
64 2
64 4
64 8
64 16
64 32
64 64
64 128
64 256
64 512
64 1024
64 2048
128 1
128 2
128 4
128 8
128 16
128 32
128 64
128 128
128 256
128 512
128 1024
128 2048
256 1
256 2
256 4
256 8
256 16
256 32
256 64
256 128
256 256
256 512
256 1024
256 2048
512 1
512 2
512 4
512 8
512 16
512 32
512 64
512 128
512 256
512 512
512 1024
512 2048
1024 1
1024 2
1024 4
1024 8
1024 16
1024 32
1024 64
1024 128
1024 256
1024 512
1024 1024
1024 2048
2048 1
2048 2
2048 4
2048 8
2048 16
2048 32
2048 64
2048 128
2048 256
2048 512
2048 1024
